16.567,30,498,41
B0,mixamorig_Hips,-1,0.9989039897918701,0.030849000439047813,-0.035204000771045685,0,-0.031038999557495117,0.9995059967041016,-0.0048699998296797276,0,0.035036999732255936,0.005956999957561493,0.9993680119514465,0,0.018713999539613724,11.202987670898438,0.14947399497032166,1
B1,mixamorig_Spine,0,0.9999849796295166,-0.0009970000246539712,-0.005365000106394291,0,0.00031999999191612005,0.9921870231628418,-0.12476199865341187,0,0.00544800003990531,0.1247590035200119,0.9921720027923584,0,0,1.2427419424057007,-0.1856590062379837,1
B2,mixamorig_Spine1,1,0.9993950128555298,0.000615999975707382,-0.03477700054645538,0,0.0003490000090096146,0.9996150135993958,0.027730999514460564,0,0.034779999405145645,-0.027727000415325165,0.9990100264549255,0,0,1.4659559726715088,0,1
B3,mixamorig_Spine2,2,0.9993939995765686,-0.00018000000272877514,-0.034807998687028885,0,0.0011409999569877982,0.9996190071105957,0.027569999918341637,0,0.034790001809597015,-0.02759299986064434,0.9990140199661255,0,0,1.6753770112991333,0,1
B4,mixamorig_Neck,3,0.9999549984931946,0.008500000461935997,-0.004282000008970499,0,-0.007829000242054462,0.9904419779777527,0.13770699501037598,0,0.005410999990999699,-0.1376670002937317,0.9904639720916748,0,0,1.8847999572753906,0,1
B5,mixamorig_Head,4,0.9963970184326172,-0.0638900026679039,-0.055776000022888184,0,0.06921800225973129,0.9926279783248901,0.09949199855327606,0,0.049008000642061234,-0.10299400240182877,0.993474006652832,0,0,0.855912983417511,0.3470599949359894,1
B6,mixamorig_HeadTop_End,5,1,0,0,0,0,1,0,0,0,0,1,0,0,2.8392999172210693,1.1512919664382935,1
B7,mixamorig_LeftShoulder,3,0.06618800014257431,0.004954000003635883,-0.9977949857711792,0,0.9481850266456604,-0.3117389976978302,0.06134900078177452,0,-0.31074801087379456,-0.9501550197601318,-0.025330999866127968,0,0.652642011642456,1.576030969619751,-0.03514900058507919,1
B8,mixamorig_LeftArm,7,0.953453004360199,0.2118300050497055,-0.21460500359535217,0,0.0851999968290329,0.4934479892253876,0.8655920028686523,0,0.2892549932003021,-0.8435860276222229,0.45243099331855774,0,0,1.451390027999878,0,1
B9,mixamorig_LeftForeArm,8,0.9000669717788696,0.4356519877910614,-0.009327000007033348,0,-0.435698002576828,0.8994100093841553,-0.035048000514507294,0,-0.00687999976798892,0.03560899943113327,0.9993420243263245,0,0,3.2703590393066406,0,1
B10,mixamorig_LeftHand,9,0.7218800187110901,-0.1352889984846115,-0.6786649823188782,0,0.1034649983048439,0.9907810091972351,-0.08745499700307846,0,0.6842399835586548,-0.0070859999395906925,0.7292219996452332,0,0,2.8214590549468994,0,1
B11,mixamorig_LeftHandThumb1,10,0.9415559768676758,0.33655399084091187,-0.014274000190198421,0,-0.3280450105667114,0.9257329702377319,0.18816299736499786,0,0.07654000073671341,-0.17248399555683136,0.9820340275764465,0,-0.3050509989261627,0.43549299240112305,0,1
B12,mixamorig_LeftHandThumb2,11,0.9943739771842957,-0.0601160004734993,0.08721400052309036,0,0.0422930009663105,0.980201005935669,0.19343599677085876,0,-0.09711600095033646,-0.18865899741649628,0.9772289991378784,0,-0.06800000369548798,0.4198940098285675,0,1
B13,mixamorig_LeftHandThumb3,12,0.9905920028686523,0.1368429958820343,-0.0010779999429360032,0,-0.1367660015821457,0.9897050261497498,-0.04217499867081642,0,-0.00470399996265769,0.04192499816417694,0.9991099834442139,0,-0.004792999941855669,0.4857949912548065,0,1
B14,mixamorig_LeftHandThumb4,13,1,0,0,0,0,1,0,0,0,0,1,0,0.07279200106859207,0.44150298833847046,0,1
B15,mixamorig_LeftHandIndex1,10,0.9390689730644226,0.34349700808525085,0.012631000019609928,0,-0.33730000257492065,0.9138050079345703,0.2262510061264038,0,0.06617499887943268,-0.21672600507736206,0.9739869832992554,0,0,0.9967560172080994,0,1
B16,mixamorig_LeftHandIndex2,15,0.9795719981193542,0.19350700080394745,0.054708998650312424,0,-0.19970299303531647,0.9041799902915955,0.377593994140625,0,0.023600000888109207,-0.38080599904060364,0.9243540167808533,0,0.060189999639987946,0.5512700080871582,0,1
B17,mixamorig_LeftHandIndex3,16,0.9999740123748779,0.0066720000468194485,-0.002781999995931983,0,-0.006606000009924173,0.9997050166130066,0.023367000743746758,0,0.002937000012025237,-0.023347999900579453,0.9997230172157288,0,-0.026318000629544258,0.4993000030517578,0,1
B18,mixamorig_LeftHandIndex4,17,1,0,0,0,0,1,0,0,0,0,1,0,-0.033872999250888824,0.5011600255966187,0,1
B19,mixamorig_RightShoulder,3,-0.08487500250339508,-0.0008229999803006649,0.9963909983634949,0,-0.9434369802474976,-0.32159799337387085,-0.08062999695539474,0,0.32050400972366333,-0.9468759894371033,0.02651900053024292,0,-0.652642011642456,1.5792399644851685,-0.05662799999117851,1
B20,mixamorig_RightArm,19,0.8807169795036316,-0.2682049870491028,0.39038899540901184,0,-0.18599699437618256,0.5621730089187622,0.8058329820632935,0,-0.43559500575065613,-0.7823219895362854,0.44523000717163086,0,0,1.451390027999878,0,1
B21,mixamorig_RightForeArm,20,0.9011260271072388,-0.4334549903869629,0.009393000043928623,0,0.43354400992393494,0.9007279872894287,-0.026986999437212944,0,0.0032369999680668116,0.028390999883413315,0.9995920062065125,0,0,3.2765069007873535,0,1
B22,mixamorig_RightHand,21,0.5638530254364014,0.04366699978709221,0.824720025062561,0,-0.06253299862146378,0.9979919791221619,-0.010088000446557999,0,-0.8235039710998535,-0.04588399827480316,0.565451979637146,0,0,2.8292040824890137,0,1
B23,mixamorig_RightHandThumb1,22,0.9814479947090149,-0.17412100732326508,-0.08026400208473206,0,0.15974600613117218,0.9741250276565552,-0.15988199412822723,0,0.10602600127458572,0.14409400522708893,0.9838680028915405,0,0.32116401195526123,0.5079699754714966,0,1
B24,mixamorig_RightHandThumb2,23,0.9953789710998535,0.04543599858880043,-0.08460000157356262,0,-0.02476700022816658,0.9726459980010986,0.23096899688243866,0,0.09278000146150589,-0.2278060019016266,0.9692760109901428,0,0.08328499644994736,0.4735170006752014,0,1
B25,mixamorig_RightHandThumb3,24,0.9848179817199707,-0.1733109951019287,0.009868999943137169,0,0.173567995429039,0.9840220212936401,-0.039691001176834106,0,-0.0028329999186098576,0.0408019982278347,0.9991629719734192,0,-0.002070999937132001,0.4775800108909607,0,1
B26,mixamorig_RightHandThumb4,25,1,0,0,0,0,1,0,0,0,0,1,0,-0.08121500164270401,0.3971160054206848,0,1
B27,mixamorig_RightHandIndex1,22,0.9449509978294373,-0.32622501254081726,0.025398999452590942,0,0.31856200098991394,0.9349250197410583,0.1563130021095276,0,-0.0747390016913414,-0.13961699604988098,0.9873809814453125,0,0,1.0201549530029297,0,1
B28,mixamorig_RightHandIndex2,27,0.96943598985672,-0.23692700266838074,-0.06370999664068222,0,0.2413640022277832,0.8744170069694519,0.42087799310684204,0,-0.044009000062942505,-0.42339199781417847,0.9048770070075989,0,-0.07540299743413925,0.5894140005111694,0,1
B29,mixamorig_RightHandIndex3,28,0.9884849786758423,-0.15115399658679962,-0.007129000034183264,0,0.15116199851036072,0.984175980091095,0.09245400130748749,0,-0.006959000136703253,-0.09246700257062912,0.9956910014152527,0,0.0557279996573925,0.5480239987373352,0,1
B30,mixamorig_RightHandIndex4,29,1,0,0,0,0,1,0,0,0,0,1,0,0.019675999879837036,0.41751301288604736,0,1
B31,mixamorig_LeftUpLeg,0,-0.9757279753684998,-0.048510998487472534,0.21354499459266663,0,0.120278000831604,-0.9336159825325012,0.33748099207878113,0,0.18299700319766998,0.35497498512268066,0.9167910218238831,0,1.022987961769104,-0.6898429989814758,-0.1812169998884201,1
B32,mixamorig_LeftLeg,31,0.9958570003509521,0.05420700088143349,0.07300499826669693,0,0.006513000000268221,0.7582880258560181,-0.6518869996070862,0,-0.09069599956274033,0.6496620178222656,0.7547929883003235,0,0,5.231299877166748,0,1
B33,mixamorig_LeftFoot,32,0.9946489930152893,-0.06005199998617172,0.08406899869441986,0,-0.06071000173687935,0.3186739981174469,0.9459180235862732,0,-0.08359500020742416,-0.9459599852561951,0.3133229911327362,0,0,4.76700496673584,0,1
B34,mixamorig_LeftToeBase,33,0.9827679991722107,0,0.18484599888324738,0,-0.10650099813938141,0.817333996295929,0.5662350058555603,0,-0.15108099579811096,-0.5761640071868896,0.8032500147819519,0,0,1.9788390398025513,0,1
B35,mixamorig_LeftToe_End,34,1,0,0,0,0,1,0,0,0,0,1,0,0,0.7514830231666565,0,1
B36,mixamorig_RightUpLeg,0,-0.9922999739646912,0.08687599748373032,-0.08828099817037582,0,-0.11039000004529953,-0.9435579776763916,0.312269002199173,0,-0.05617000162601471,0.31960999965667725,0.9458829760551453,0,-1.022987961769104,-0.6898429989814758,-0.09872400015592575,1
B37,mixamorig_RightLeg,36,0.9870139956474304,-0.10303500294685364,-0.1232369989156723,0,-0.010630999691784382,0.7236089706420898,-0.6901280283927917,0,0.16028299927711487,0.6824759840965271,0.7131170034408569,0,0,5.234388828277588,0,1
B38,mixamorig_RightFoot,37,0.9816349744796753,0.10310299694538116,-0.16051000356674194,0,0.13179300725460052,0.24180500209331512,0.9613329768180847,0,0.13792799413204193,-0.9648320078849792,0.22377599775791168,0,0,4.769873142242432,0,1
B39,mixamorig_RightToeBase,38,0.9823079705238342,0.0012890000361949205,-0.18726800382137299,0,0.10786200314760208,0.8135629892349243,0.5713850259780884,0,0.15309099853038788,-0.581475019454956,0.7990310192108154,0,0,1.9828089475631714,0,1
B40,mixamorig_RightToe_End,39,1,0,0,0,0,1,0,0,0,0,1,0,0,0.7492420077323914,0,1
@34,0,1,2,3,4,5,7,8,9,10,11,12,13,15,16,17,19,20,21,22,23,24,25,27,28,29,31,32,33,34,36,37,38,39
K0.000,0.9989040493965149,0.030848892405629158,-0.03520430997014046,0,-0.031039109453558922,0.9995059967041016,-0.004869813099503517,0,0.03503669053316116,0.005957186222076416,0.9993680119514465,0,0.018713999539613724,11.202987670898438,0.14947399497032166,1,0.9999849796295166,-0.0009970839601010084,-0.005365261808037758,0,0.0003199160855729133,0.992186963558197,-0.12476231902837753,0,0.005447739269584417,0.12475869059562683,0.9921720623970032,0,0,1.2427419424057007,-0.1856590062379837,1,0.9993950128555298,0.0006159254116937518,-0.034776654094457626,0,0.000348925415892154,0.9996150135993958,0.02773132175207138,0,0.0347803458571434,-0.027726678177714348,0.9990100264549255,0,0,1.4659559726715088,0,1,0.9993939995765686,-0.0001803590712370351,-0.03480811044573784,0,0.001140640932135284,0.9996190071105957,0.02756999246776104,0,0.03478989377617836,-0.027593005448579788,0.9990140199661255,0,0,1.6753770112991333,0,1,0.9999549388885498,0.008499755524098873,-0.0042817252688109875,0,-0.007829244248569012,0.9904420375823975,0.13770686089992523,0,0.005411275662481785,-0.13766713440418243,0.9904640316963196,0,0,1.8847999572753906,0,1,0.9963970184326172,-0.06389018148183823,-0.05577586218714714,0,0.06921781599521637,0.9926279783248901,0.09949187934398651,0,0.04900813475251198,-0.10299411416053772,0.993474006652832,0,0,0.855912983417511,0.3470599949359894,1,0.06618785858154297,0.004954287316650152,-0.9977949857711792,0,0.9481849074363708,-0.31173938512802124,0.06134917587041855,0,-0.3107481002807617,-0.9501549601554871,-0.02533097006380558,0,0.652642011642456,1.576030969619751,-0.03514900058507919,1,0.953453004360199,0.21182967722415924,-0.21460534632205963,0,0.08519966155290604,0.4934476613998413,0.8655923008918762,0,0.28925466537475586,-0.8435859084129333,0.4524313807487488,0,0,1.451390027999878,0,1,0.9000668525695801,0.43565234541893005,-0.009326937608420849,0,-0.4356977045536041,0.8994101881980896,-0.03504785895347595,0,-0.006879937369376421,0.03560914099216461,0.9993419647216797,0,0,3.2703590393066406,0,1,0.7218798398971558,-0.13528910279273987,-0.6786651015281677,0,0.10346489399671555,0.9907810688018799,-0.08745500445365906,0,0.6842398643493652,-0.007086004130542278,0.7292221188545227,0,0,2.8214590549468994,0,1,0.9415560960769653,0.336553692817688,-0.014273527078330517,0,-0.3280453383922577,0.9257329106330872,0.18816320598125458,0,0.07654047012329102,-0.17248378694057465,0.9820340275764465,0,-0.3050509989261627,0.43549299240112305,0,1,0.9943740367889404,-0.060115814208984375,0.08721408993005753,0,0.042293187230825424,0.9802010655403137,0.1934359073638916,0,-0.0971159115433693,-0.18865908682346344,0.9772289991378784,0,-0.06800000369548798,0.4198940098285675,0,1,0.9905920028686523,0.13684280216693878,-0.0010781999444589019,0,-0.1367661952972412,0.9897050261497498,-0.042174648493528366,0,-0.004704199731349945,0.04192535579204559,0.9991099238395691,0,-0.004792999941855669,0.4857949912548065,0,1,0.9390687942504883,0.34349745512008667,0.012630708515644073,0,-0.33729955554008484,0.9138051867485046,0.2262512743473053,0,0.0661747008562088,-0.21672575175762177,0.9739870429039001,0,0,0.9967560172080994,0,1,0.9795719385147095,0.19350720942020416,0.054709188640117645,0,-0.19970276951789856,0.904180109500885,0.37759384512901306,0,0.02360019087791443,-0.3808061182498932,0.9243539571762085,0,0.060189999639987946,0.5512700080871582,0,1,0.9999740123748779,0.006672401446849108,-0.0027819531969726086,0,-0.006605599075555801,0.9997050166130066,0.02336699329316616,0,0.002937046345323324,-0.02334800735116005,0.9997230172157288,0,-0.026318000629544258,0.4993000030517578,0,1,-0.08487489074468613,-0.0008230906678363681,0.9963910579681396,0,-0.9434369802474976,-0.32159802317619324,-0.08062978833913803,0,0.3205038607120514,-0.9468761086463928,0.026519037783145905,0,-0.652642011642456,1.5792399644851685,-0.05662799999117851,1,0.880716860294342,-0.26820507645606995,0.3903891444206238,0,-0.18599706888198853,0.562173068523407,0.8058329224586487,0,-0.4355948269367218,-0.7823220491409302,0.44523006677627563,0,0,1.451390027999878,0,1,0.9011261463165283,-0.4334546625614166,0.009393054060637951,0,0.4335443377494812,0.9007278084754944,-0.026986990123987198,0,0.0032370544504374266,0.02839100919663906,0.9995920062065125,0,0,3.2765069007873535,0,1,0.56385338306427,0.043666962534189224,0.8247199058532715,0,-0.06253304332494736,0.9979920387268066,-0.010088048875331879,0,-0.8235041499137878,-0.04588405042886734,0.5654516816139221,0,0,2.8292040824890137,0,1,0.9814481139183044,-0.17412078380584717,-0.08026403933763504,0,0.15974624454975128,0.9741250276565552,-0.15988202393054962,0,0.10602597147226334,0.14409399032592773,0.9838680624961853,0,0.32116401195526123,0.5079699754714966,0,1,0.9953790307044983,0.04543568566441536,-0.08459999412298203,0,-0.02476731687784195,0.9726459980010986,0.2309688925743103,0,0.09278000146150589,-0.22780609130859375,0.969275951385498,0,0.08328499644994736,0.4735170006752014,0,1,0.9848179817199707,-0.17331066727638245,0.00986931100487709,0,0.17356832325458527,0.9840219020843506,-0.03969131037592888,0,-0.002832688856869936,0.04080168530344963,0.999163031578064,0,-0.002070999937132001,0.4775800108909607,0,1,0.944951057434082,-0.3262248635292053,0.025398829951882362,0,0.3185621201992035,0.9349249601364136,0.1563129872083664,0,-0.07473916560411453,-0.1396169811487198,0.9873809814453125,0,0,1.0201549530029297,0,1,0.96943598985672,-0.23692698776721954,-0.06370963156223297,0,0.2413640171289444,0.8744169473648071,0.42087820172309875,0,-0.044008638709783554,-0.42339178919792175,0.9048771262168884,0,-0.07540299743413925,0.5894140005111694,0,1,0.9884849786758423,-0.1511540710926056,-0.007128803059458733,0,0.15116192400455475,0.984175980091095,0.09245404601097107,0,-0.006958803161978722,-0.09246695786714554,0.9956910014152527,0,0.0557279996573925,0.5480239987373352,0,1,-0.9757279753684998,-0.04851134121417999,0.21354471147060394,0,0.12027765810489655,-0.9336159825325012,0.33748117089271545,0,0.18299728631973267,0.3549748659133911,0.9167910218238831,0,1.022987961769104,-0.6898429989814758,-0.1812169998884201,1,0.9958570003509521,0.05420731380581856,0.0730050802230835,0,0.006513311993330717,0.7582878470420837,-0.6518871188163757,0,-0.09069591015577316,0.6496617794036865,0.7547931671142578,0,0,5.231299877166748,0,1,0.9946489930152893,-0.060052163898944855,0.08406899124383926,0,-0.06071016564965248,0.31867408752441406,0.9459179639816284,0,-0.08359500765800476,-0.9459599852561951,0.3133230209350586,0,0,4.76700496673584,0,1,0.9827679991722107,-2.538940293561609e-7,0.1848459392786026,0,-0.1065012514591217,0.817333996295929,0.5662348866462708,0,-0.15108105540275574,-0.5761640667915344,0.8032498955726624,0,0,1.9788390398025513,0,1,-0.9922999739646912,0.08687598258256912,-0.08828121423721313,0,-0.11039001494646072,-0.9435579180717468,0.31226903200149536,0,-0.0561697855591774,0.31960996985435486,0.94588303565979,0,-1.022987961769104,-0.6898429989814758,-0.09872400015592575,1,0.9870139956474304,-0.10303470492362976,-0.1232372596859932,0,-0.01063069049268961,0.7236090302467346,-0.690127968788147,0,0.16028273105621338,0.6824761033058167,0.7131169438362122,0,0,5.234388828277588,0,1,0.9816350340843201,0.103102907538414,-0.16050976514816284,0,0.13179291784763336,0.24180491268634796,0.9613330960273743,0,0.13792824745178223,-0.9648321270942688,0.22377587854862213,0,0,4.769873142242432,0,1,0.9823079109191895,0.0012888675555586815,-0.18726809322834015,0,0.10786186158657074,0.8135631084442139,0.571384847164154,0,0.1530909389257431,-0.5814752578735352,0.7990309596061707,0,0,1.9828089475631714,0,1
K0.033,0.9988960027694702,0.030850987881422043,-0.03541309013962746,0,-0.03104301355779171,0.9995059967041016,-0.004885030444711447,0,0.035244911909103394,0.005978970322757959,0.9993609189987183,0,0.01836099661886692,11.203166007995605,0.148825004696846,1,0.9999849796295166,-0.0009970716200768948,-0.005365262273699045,0,0.0003199283382855356,0.9921870827674866,-0.12475775927305222,0,0.00544773880392313,0.12475422769784927,0.9921729564666748,0,0,1.2427419424057007,-0.1856590062379837,1,0.9993950128555298,0.0006159254116937518,-0.034776654094457626,0,0.000348925415892154,0.9996150135993958,0.02773132175207138,0,0.0347803458571434,-0.027726678177714348,0.9990100264549255,0,0,1.4659559726715088,0,1,0.9993939995765686,-0.0001803590712370351,-0.03480811044573784,0,0.001140640932135284,0.9996190071105957,0.02756999246776104,0,0.03478989377617836,-0.027593005448579788,0.9990140199661255,0,0,1.6753770112991333,0,1,0.9999550580978394,0.008517652750015259,-0.004278980661183596,0,-0.007847348228096962,0.9904419183731079,0.1377069056034088,0,0.00541102048009634,-0.13766708970069885,0.9904640316963196,0,0,1.8847999572753906,0,1,0.9963719844818115,-0.06411414593458176,-0.05595829337835312,0,0.069462850689888,0.9926049709320068,0.09955308586359024,0,0.04916170611977577,-0.10307890176773071,0.993457019329071,0,0,0.855912983417511,0.3470599949359894,1,0.06628505885601044,0.004906611051410437,-0.9977889657020569,0,0.9480440020561218,-0.31214791536331177,0.06144538149237633,0,-0.31115642189979553,-0.9500212073326111,-0.025342382490634918,0,0.652642011642456,1.576030969619751,-0.03514900058507919,1,0.9533040523529053,0.2122465968132019,-0.21485279500484467,0,0.08505862206220627,0.4939216673374176,0.8653362393379211,0,0.2897851765155792,-0.8432038426399231,0.45280423760414124,0,0,1.451390027999878,0,1,0.9000670313835144,0.4356529712677002,-0.009326678700745106,0,-0.43569812178611755,0.8994099497795105,-0.03504897281527519,0,-0.00688067777082324,0.03561002388596535,0.9993420243263245,0,0,3.2703590393066406,0,1,0.7223689556121826,-0.1351880133152008,-0.678165078163147,0,0.10328096151351929,0.9907960295677185,-0.0874960869550705,0,0.6837519407272339,-0.006837085820734501,0.7296829223632812,0,0,2.8214590549468994,0,1,0.9415929913520813,0.3364499509334564,-0.014258813112974167,0,-0.32793307304382324,0.9257389903068542,0.18832877278327942,0,0.07656318694353104,-0.1726531982421875,0.9820029139518738,0,-0.3050509989261627,0.43549299240112305,0,1,0.9943760633468628,-0.06008701026439667,0.08720873296260834,0,0.04226798936724663,0.9802060127258301,0.1934138685464859,0,-0.0971042662858963,-0.18864011764526367,0.9772339463233948,0,-0.06800000369548798,0.4198940098285675,0,1,0.9906120300292969,0.13669876754283905,-0.0010108951246365905,0,-0.13662020862102509,0.9897319674491882,-0.0420297309756279,0,-0.004744896199554205,0.04177325591444969,0.9991159439086914,0,-0.004792999941855669,0.4857949912548065,0,1,0.9386430382728577,0.34463977813720703,0.013120687566697598,0,-0.3384312093257904,0.913071870803833,0.2275182604789734,0,0.0664316862821579,-0.21799880266189575,0.973685085773468,0,0,0.9967560172080994,0,1,0.9797689914703369,0.1925978660583496,0.05439089983701706,0,-0.1987660974264145,0.904776930809021,0.3766580820083618,0,0.0233318991959095,-0.3798488974571228,0.9247540831565857,0,0.060189999639987946,0.5512700080871582,0,1,0.9999770522117615,0.006248426623642445,-0.002760824514552951,0,-0.006183566525578499,0.9997180104255676,0.022906290367245674,0,0.0029031753074377775,-0.022888701409101486,0.9997340440750122,0,-0.026318000629544258,0.4993000030517578,0,1,-0.08487791568040848,-0.0008252868428826332,0.9963910579681396,0,-0.943429172039032,-0.32162198424339294,-0.08063267171382904,0,0.32052770256996155,-0.9468681216239929,0.02651992067694664,0,-0.652642011642456,1.5792399644851685,-0.05662799999117851,1,0.8806410431861877,-0.2684900164604187,0.3903648257255554,0,-0.18580104410648346,0.5622179508209229,0.8058459758758545,0,-0.435832142829895,-0.7821919322013855,0.44522690773010254,0,0,1.451390027999878,0,1,0.9011691808700562,-0.43336567282676697,0.009390974417328835,0,0.43345528841018677,0.9007708430290222,-0.026982035487890244,0,0.003233974566683173,0.028385961428284645,0.9995920658111572,0,0,3.2765069007873535,0,1,0.5642298460006714,0.04364385828375816,0.8244631290435791,0,-0.0624411441385746,0.997998058795929,-0.010097876191139221,0,-0.8232528567314148,-0.045782867819070816,0.5658251643180847,0,0,2.8292040824890137,0,1,0.981552004814148,-0.17358411848545074,-0.08014892041683197,0,0.15930387377738953,0.9743090867996216,-0.15919792652130127,0,0.10572409629821777,0.14349307119846344,0.9839879870414734,0,0.32116401195526123,0.5079699754714966,0,1,0.9953809380531311,0.045368872582912445,-0.0846131294965744,0,-0.024705132469534874,0.9726629853248596,0.23090508580207825,0,0.0927758738398552,-0.22774790227413177,0.969290018081665,0,0.08328499644994736,0.4735170006752014,0,1,0.9847820997238159,-0.1735086590051651,0.009984997101128101,0,0.17377135157585144,0.9839769601821899,-0.0399000458419323,0,-0.002902005100622773,0.0410279706120491,0.9991540312767029,0,-0.002070999937132001,0.4775800108909607,0,1,0.9447840452194214,-0.32672688364982605,0.025148123502731323,0,0.3190211057662964,0.9346070289611816,0.15727603435516357,0,-0.0748898833990097,-0.1405690312385559,0.9872339963912964,0,0,1.0201549530029297,0,1,0.96955406665802,-0.2364867627620697,-0.06354870647192001,0,0.24091725051403046,0.874721109867096,0.4205016493797302,0,-0.0438557043671608,-0.42300936579704285,0.9050637483596802,0,-0.07540299743413925,0.5894140005111694,0,1,0.9885550141334534,-0.1506955921649933,-0.00710611417889595,0,0.15070641040802002,0.9842870235443115,0.09201712906360626,0,-0.006872114259749651,-0.09203486889600754,0.9957320094108582,0,0.0557279996573925,0.5480239987373352,0,1,-0.9757540225982666,-0.048298779875040054,0.2134770154953003,0,0.12006723135709763,-0.9336110353469849,0.33757176995277405,0,0.18299999833106995,0.3550182282924652,0.9167729020118713,0,1.022987961769104,-0.6898429989814758,-0.1812169998884201,1,0.9958540201187134,0.05422798916697502,0.07303480803966522,0,0.006513987667858601,0.7583101391792297,-0.6518620252609253,0,-0.09073219448328018,0.6496351361274719,0.7548129558563232,0,0,5.231299877166748,0,1,0.9946619868278503,-0.05982318893074989,0.08407075703144073,0,-0.06077919900417328,0.31872865557670593,0.9458950757980347,0,-0.08338223397731781,-0.9459558129310608,0.3133913278579712,0,0,4.76700496673584,0,1,0.9827679991722107,-2.946639199308265e-7,0.18484599888324738,0,-0.10650129616260529,0.8173338174819946,0.5662351846694946,0,-0.15108099579811096,-0.5761638879776001,0.8032491207122803,0,0,1.9788390398025513,0,1,-0.9923019409179688,0.08687508851289749,-0.08825301378965378,0,-0.11037891358137131,-0.9435659050941467,0.3122481107711792,0,-0.056145984679460526,0.3195858597755432,0.9458919763565063,0,-1.022987961769104,-0.6898429989814758,-0.09872400015592575,1,0.9870109558105469,-0.10304206609725952,-0.12325742095708847,0,-0.010636074468493462,0.7236230969429016,-0.6901128888130188,0,0.16030257940292358,0.6824600100517273,0.7131279706954956,0,0,5.234388828277588,0,1,0.9815650582313538,0.10309987515211105,-0.16093450784683228,0,0.13219788670539856,0.24188783764839172,0.9612571001052856,0,0.13803349435329437,-0.9648109674453735,0.223798930644989,0,0,4.769873142242432,0,1,0.982308030128479,0.0012931778328493237,-0.1872698813676834,0,0.1078631803393364,0.8135489821434021,0.5714049339294434,0,0.15309211611747742,-0.5814949870109558,0.7990160584449768,0,0,1.9828089475631714,0,1
K0.067,0.9988859295845032,0.030885035172104836,-0.035679396241903305,0,-0.03107895888388157,0.9995049834251404,-0.004893286619335413,0,0.0355105958878994,0.0059967124834656715,0.9993510842323303,0,0.0180790014564991,11.203326225280762,0.14829200506210327,1,0.9999849796295166,-0.000997536233626306,-0.0053652371279895306,0,0.0003204638487659395,0.9921890497207642,-0.12474482506513596,0,0.005447763949632645,0.12474117428064346,0.992173969745636,0,0,1.2427419424057007,-0.1856590062379837,1,0.999394953250885,0.000615404627751559,-0.03477516025304794,0,0.00034940458135679364,0.9996150135993958,0.027731314301490784,0,0.034778840839862823,-0.027726689353585243,0.9990100264549255,0,0,1.4659559726715088,0,1,0.9993939995765686,-0.00017788664263207465,-0.03480607271194458,0,0.0011381133226677775,0.9996190071105957,0.02757003903388977,0,0.03478792682290077,-0.027592960745096207,0.9990139603614807,0,0,1.6753770112991333,0,1,0.9999539852142334,0.008589736185967922,-0.004267964046448469,0,-0.007920262403786182,0.9904410243034363,0.13770703971385956,0,0.005410035606473684,-0.1376669555902481,0.99046391248703,0,0,1.8847999572753906,0,1,0.9963580369949341,-0.06424960494041443,-0.056064046919345856,0,0.06961339712142944,0.9925850033760071,0.09964808076620102,0,0.04924594610929489,-0.10318790376186371,0.9934419989585876,0,0,0.855912983417511,0.3470599949359894,1,0.06628462672233582,0.004877076018601656,-0.9977890253067017,0,0.9479289054870605,-0.31249821186065674,0.06144485995173454,0,-0.3115076720714569,-0.9499059915542603,-0.025336917489767075,0,0.652642011642456,1.576030969619751,-0.03514900058507919,1,0.9531988501548767,0.21255360543727875,-0.21501897275447845,0,0.08492562174797058,0.4943113923072815,0.8651267290115356,0,0.2901720404624939,-0.8428981304168701,0.45312565565109253,0,0,1.451390027999878,0,1,0.9000668525695801,0.43565231561660767,-0.009326666593551636,0,-0.43569767475128174,0.8994101285934448,-0.035048969089984894,0,-0.006880667060613632,0.03561002388596535,0.9993420243263245,0,0,3.2703590393066406,0,1,0.7227339744567871,-0.13512399792671204,-0.6777888536453247,0,0.10316199064254761,0.990805983543396,-0.08752427995204926,0,0.6833840608596802,-0.006665282417088747,0.7300289869308472,0,0,2.8214590549468994,0,1,0.9416529536247253,0.33628544211387634,-0.014234964735805988,0,-0.32776156067848206,0.9257640838623047,0.1885032206773758,0,0.07656903564929962,-0.17283877730369568,0.9819690585136414,0,-0.3050509989261627,0.43549299240112305,0,1,0.9943779706954956,-0.060074977576732635,0.08720306307077408,0,0.04225802421569824,0.9802079200744629,0.1934051513671875,0,-0.09709596633911133,-0.18863284587860107,0.9772360324859619,0,-0.06800000369548798,0.4198940098285675,0,1,0.9906330108642578,0.13654889166355133,-0.0009383180877193809,0,-0.1364680975675583,0.989759087562561,-0.04188264161348343,0,-0.004790317267179489,0.04161835461854935,0.9991219639778137,0,-0.004792999941855669,0.4857949912548065,0,1,0.938356876373291,0.34540727734565735,0.01344380248337984,0,-0.3391926884651184,0.91258704662323,0.22832901775836945,0,0.06659779697656631,-0.2188139408826828,0.9734910726547241,0,0,0.9967560172080994,0,1,0.9799259305000305,0.19187036156654358,0.054137080907821655,0,-0.19801665842533112,0.9052520394325256,0.37590885162353516,0,0.02311808243393898,-0.3790830969810486,0.9250739812850952,0,0.060189999639987946,0.5512700080871582,0,1,0.9999789595603943,0.00593622075393796,-0.002744892379269004,0,-0.005872786045074463,0.9997280240058899,0.02256680093705654,0,0.00287810736335814,-0.022550206631422043,0.9997419118881226,0,-0.026318000629544258,0.4993000030517578,0,1,-0.08488339930772781,-0.0008279995527118444,0.9963909387588501,0,-0.9434189796447754,-0.32164904475212097,-0.08063794672489166,0,0.3205550014972687,-0.9468590617179871,0.02652149461209774,0,-0.652642011642456,1.5792399644851685,-0.05662799999117851,1,0.880562961101532,-0.268720418214798,0.3903827667236328,0,-0.1856224685907364,0.5623530745506287,0.8057938814163208,0,-0.43606624007225037,-0.7820160388946533,0.4453067481517792,0,0,1.451390027999878,0,1,0.9012011289596558,-0.43329867720603943,0.009390367195010185,0,0.43338829278945923,0.9008029103279114,-0.026977313682436943,0,0.0032303675543516874,0.02838168665766716,0.9995920658111572,0,0,3.2765069007873535,0,1,0.5645281076431274,0.043661925941705704,0.8242579698562622,0,-0.06235406920313835,0.9980019927024841,-0.010159523226320744,0,-0.82305508852005,-0.04566052556037903,0.5661228895187378,0,0,2.8292040824890137,0,1,0.9816390872001648,-0.17314867675304413,-0.0800255686044693,0,0.15894831717014313,0.9744569659233093,-0.1586499959230423,0,0.10545141994953156,0.1430169939994812,0.9840859174728394,0,0.32116401195526123,0.5079699754714966,0,1,0.9953820109367371,0.04532023146748543,-0.08462238311767578,0,-0.0246597733348608,0.9726740121841431,0.2308599352836609,0,0.09277264028787613,-0.22770708799362183,0.9692999720573425,0,0.08328499644994736,0.4735170006752014,0,1,0.9847530126571655,-0.1736690104007721,0.010078536346554756,0,0.17393597960472107,0.9839410185813904,-0.04007752239704132,0,-0.0029564613942056894,0.041219476610422134,0.9991459846496582,0,-0.002070999937132001,0.4775800108909607,0,1,0.9446161985397339,-0.3272325098514557,0.024891559034585953,0,0.3194824755191803,0.9342828989028931,0.15826284885406494,0,-0.07504444569349289,-0.1415451169013977,0.9870830178260803,0,0,1.0201549530029297,0,1,0.9696969985961914,-0.23595277965068817,-0.06335311383008957,0,0.24037514626979828,0.8750899434089661,0.42004507780075073,0,-0.043671123683452606,-0.4225448668003082,0.9052890539169312,0,-0.07540299743413925,0.5894140005111694,0,1,0.9886239171028137,-0.15024109184741974,-0.007084628101438284,0,0.15025487542152405,0.9843959808349609,0.09158418327569962,0,-0.006785628851503134,-0.09160683304071426,0.9957720041275024,0,0.0557279996573925,0.5480239987373352,0,1,-0.975758969783783,-0.0482390932738781,0.213467076420784,0,0.12001191079616547,-0.9336078763008118,0.33759915828704834,0,0.18300893902778625,0.3550337851047516,0.916765034198761,0,1.022987961769104,-0.6898429989814758,-0.1812169998884201,1,0.9958750009536743,0.05408552289009094,0.07285342365503311,0,0.0064925202168524265,0.7583889961242676,-0.6517689228057861,0,-0.09050256758928299,0.6495538949966431,0.7549101114273071,0,0,5.231299877166748,0,1,0.9946720600128174,-0.059698402881622314,0.08404690027236938,0,-0.06078539788722992,0.3188469409942627,0.9458550214767456,0,-0.08326409012079239,-0.9459238648414612,0.3135191798210144,0,0,4.76700496673584,0,1,0.9827679991722107,-2.538940293561609e-7,0.1848459392786026,0,-0.1065012514591217,0.817333996295929,0.5662348866462708,0,-0.15108105540275574,-0.5761640667915344,0.8032498955726624,0,0,1.9788390398025513,0,1,-0.9923099875450134,0.0868881344795227,-0.08815594762563705,0,-0.11035986244678497,-0.9435701966285706,0.31224367022514343,0,-0.056051045656204224,0.3195713460445404,0.9459028840065002,0,-1.022987961769104,-0.6898429989814758,-0.09872400015592575,1,0.9870070219039917,-0.10305630415678024,-0.12327614426612854,0,-0.010640306398272514,0.7236169576644897,-0.6901201605796814,0,0.16032586991786957,0.6824648976325989,0.7131181359291077,0,0,5.234388828277588,0,1,0.9815320372581482,0.10300592333078384,-0.16119568049907684,0,0.13247092068195343,0.24191594123840332,0.9612120985984802,0,0.138006329536438,-0.9648140072822571,0.22380290925502777,0,0,4.769873142242432,0,1,0.9823070168495178,0.001301902229897678,-0.1872750073671341,0,0.10786790400743484,0.8135159015655518,0.5714511275291443,0,0.15309502184391022,-0.5815408825874329,0.7989811301231384,0,0,1.9828089475631714,0,1
K0.100,0.9988749623298645,0.03095123916864395,-0.03593766689300537,0,-0.031146762892603874,0.9995030760765076,-0.004893584176898003,0,0.03576832264661789,0.0060074166394770145,0.9993419647216797,0,0.017813000828027725,11.203631401062012,0.14777299761772156,1,0.9999849796295166,-0.000999042997136712,-0.005365645978599787,0,0.00032195704989135265,0.9921900629997253,-0.12473583966493607,0,0.0054483539424836636,0.12473217397928238,0.9921749234199524,0,0,1.2427419424057007,-0.1856590062379837,1,0.9993950724601746,0.0006143279024399817,-0.03476966172456741,0,0.00035032787127420306,0.9996150135993958,0.027731282636523247,0,0.034773342311382294,-0.027726713567972183,0.9990110397338867,0,0,1.4659559726715088,0,1,0.9993939995765686,-0.00016298817354254425,-0.03479786589741707,0,0.0011230118107050657,0.9996190071105957,0.027570804581046104,0,0.03478013351559639,-0.02759319171309471,0.9990140199661255,0,0,1.6753770112991333,0,1,0.9999529123306274,0.008738767355680466,-0.004243585746735334,0,-0.008071229793131351,0.9904400110244751,0.13770785927772522,0,0.005406413692981005,-0.13766711950302124,0.99046391248703,0,0,1.8847999572753906,0,1,0.9963570833206177,-0.0642528161406517,-0.05607298016548157,0,0.06962419301271439,0.9925699234008789,0.09978321939706802,0,0.049245018512010574,-0.1033237874507904,0.9934279918670654,0,0,0.855912983417511,0.3470599949359894,1,0.06619378924369812,0.0048673986457288265,-0.997795045375824,0,0.9478558301925659,-0.3127385675907135,0.06135523319244385,0,-0.31175023317337036,-0.9498268961906433,-0.02531493455171585,0,0.652642011642456,1.576030969619751,-0.03514900058507919,1,0.9531251192092896,0.21280066668987274,-0.21510203182697296,0,0.0847906768321991,0.4945719242095947,0.8649910688400269,0,0.2904539704322815,-0.8426828980445862,0.4533451497554779,0,0,1.451390027999878,0,1,0.9000668525695801,0.43565234541893005,-0.00932643748819828,0,-0.4356977045536041,0.8994101881980896,-0.035047974437475204,0,-0.0068804374895989895,0.03560902550816536,0.9993419647216797,0,0,3.2703590393066406,0,1,0.7229540348052979,-0.1350681632757187,-0.6775639057159424,0,0.10311583429574966,0.9908139705657959,-0.08748902380466461,0,0.6831570863723755,-0.0066170282661914825,0.7302410006523132,0,0,2.8214590549468994,0,1,0.9417119026184082,0.33611923456192017,-0.014199201948940754,0,-0.3275977373123169,0.9258040189743042,0.18859107792377472,0,0.07653480023145676,-0.17294691503047943,0.9819530248641968,0,-0.3050509989261627,0.43549299240112305,0,1,0.9943770170211792,-0.06009920313954353,0.08719722181558609,0,0.04228079691529274,0.9802029728889465,0.19342772662639618,0,-0.0970957800745964,-0.18865323066711426,0.9772319197654724,0,-0.06800000369548798,0.4198940098285675,0,1,0.9906530380249023,0.13640274107456207,-0.0008788143168203533,0,-0.13632024824619293,0.9897850155830383,-0.04173414409160614,0,-0.004822814837098122,0.041463859379291534,0.999127984046936,0,-0.004792999941855669,0.4857949912548065,0,1,0.9381519556045532,0.3459530472755432,0.013661068864166737,0,-0.3397359848022461,0.912256121635437,0.22884158790111542,0,0.06670606881380081,-0.21932943165302277,0.9733679294586182,0,0,0.9967560172080994,0,1,0.9800540804862976,0.1912716180086136,0.053929250687360764,0,-0.19740037620067596,0.9056428670883179,0.37529295682907104,0,0.022942250594496727,-0.37845298647880554,0.9253360033035278,0,0.060189999639987946,0.5512700080871582,0,1,0.9999799728393555,0.00567413168027997,-0.002732145367190242,0,-0.005611868109554052,0.999735951423645,0.022281887009739876,0,0.002857854822650552,-0.02226611226797104,0.9997479915618896,0,-0.026318000629544258,0.4993000030517578,0,1,-0.08489474654197693,-0.0008350391872227192,0.9963899850845337,0,-0.9433928728103638,-0.3217231333255768,-0.08064893633127213,0,0.320628821849823,-0.9468330144882202,0.026524880900979042,0,-0.652642011642456,1.5792399644851685,-0.05662799999117851,1,0.8804840445518494,-0.2688947319984436,0.3904390335083008,0,-0.1854887455701828,0.5625219941139221,0.8057060837745667,0,-0.4362809956073761,-0.7818340063095093,0.44541501998901367,0,0,1.451390027999878,0,1,0.9012121558189392,-0.4332767426967621,0.009389668703079224,0,0.4333662986755371,0.9008138179779053,-0.026975858956575394,0,0.003229668131098151,0.0283801406621933,0.9995920062065125,0,0,3.2765069007873535,0,1,0.5647428035736084,0.04375378414988518,0.8241061568260193,0,-0.06227422133088112,0.9980059266090393,-0.010311315767467022,0,-0.8229138255119324,-0.04549731686711311,0.5663412809371948,0,0,2.8292040824890137,0,1,0.9816989898681641,-0.1728479564189911,-0.07993593066930771,0,0.15870004892349243,0.9745540022850037,-0.1583019495010376,0,0.1052640825510025,0.1427190601825714,0.9841499924659729,0,0.32116401195526123,0.5079699754714966,0,1,0.9953820705413818,0.04531767591834068,-0.08462318032979965,0,-0.024657318368554115,0.9726750254631042,0.23085780441761017,0,0.09277281165122986,-0.227705180644989,0.9693009257316589,0,0.08328499644994736,0.4735170006752014,0,1,0.9847350120544434,-0.1737646758556366,0.010129889473319054,0,0.17403431236743927,0.9839180111885071,-0.04022606462240219,0,-0.002977109979838133,0.04137494042515755,0.9991390109062195,0,-0.002070999937132001,0.4775800108909607,0,1,0.9444958567619324,-0.32759320735931396,0.024700414389371872,0,0.31981074810028076,0.9340460896492004,0.15899360179901123,0,-0.07515659183263779,-0.14226943254470825,0.9869710803031921,0,0,1.0201549530029297,0,1,0.9697960019111633,-0.23558193445205688,-0.06321881711483002,0,0.23999904096126556,0.8753450512886047,0.4197268784046173,0,-0.043541815131902695,-0.4222220778465271,0.90544593334198,0,-0.07540299743413925,0.5894140005111694,0,1,0.9886760115623474,-0.14990000426769257,-0.007068787235766649,0,0.14991599321365356,0.9844779372215271,0.09125985950231552,0,-0.00672078737989068,-0.09128614515066147,0.9958019852638245,0,0.0557279996573925,0.5480239987373352,0,1,-0.9757530093193054,-0.04818110540509224,0.21350784599781036,0,0.1199708878993988,-0.9336140155792236,0.33759599924087524,0,0.1830681562423706,0.3550249934196472,0.9167569279670715,0,1.022987961769104,-0.6898429989814758,-0.1812169998884201,1,0.9958789944648743,0.05404134839773178,0.07283192127943039,0,0.0064893485978245735,0.7585522532463074,-0.6515796780586243,0,-0.09045907855033875,0.6493672132492065,0.7550757527351379,0,0,5.231299877166748,0,1,0.994687020778656,-0.05960299074649811,0.0839371532201767,0,-0.0606909915804863,0.31907597184181213,0.9457839727401733,0,-0.0831538513302803,-0.9458528757095337,0.31376323103904724,0,0,4.76700496673584,0,1,0.9827679991722107,-9.36138206952819e-8,0.18484541773796082,0,-0.10650109499692917,0.817333996295929,0.5662349462509155,0,-0.15108057856559753,-0.5761640667915344,0.8032500147819519,0,0,1.9788390398025513,0,1,-0.9923189282417297,0.08687564730644226,-0.08806093782186508,0,-0.11031834781169891,-0.9435697793960571,0.3122582733631134,0,-0.05596405640244484,0.319574773311615,0.9459071159362793,0,-1.022987961769104,-0.6898429989814758,-0.09872400015592575,1,0.9869959950447083,-0.1031012237071991,-0.12332689762115479,0,-0.010650227777659893,0.723585844039917,-0.690152108669281,0,0.1603931188583374,0.6824907660484314,0.7130782008171082,0,0,5.234388828277588,0,1,0.981473982334137,0.10276416689157486,-0.16170388460159302,0,0.13302017748355865,0.24193842709064484,0.961129903793335,0,0.13789212703704834,-0.9648340344429016,0.2237866073846817,0,0,4.769873142242432,0,1,0.9823039770126343,0.0013329543871805072,-0.18728893995285034,0,0.10787995904684067,0.8134069442749023,0.5716041922569275,0,0.1531040519475937,-0.5816938281059265,0.7988691329956055,0,0,1.9828089475631714,0,1
